0 1 3 4 5 6 10 11 12 15 16 17 18 19 23 25 26 27 29 30 31 33 34 35 36 37 38 39 42 44 50 53 54 55 58 60 63 65 66 69 71 73 74 78 79 81 82 84 86 87 95 96 98 100 101 104 105 107 109 111 112 113 115 116 117 118 119 120 121 124 125 126 127 128 129 130 132 133 136 137 138 145 146 148 149 150
0 1 2 3 5 6 7 10 11 13 15 16 17 18 21 22 23 24 25 26 28 30 31 33 34 35 36 40 42 43 44 45 46 47 49 50 52 53 55 56 59 61 62 64 66 67 69 71 72 73 74 75 78 79 81 82 86 87 89 91 93 94 95 96 97 100 101 103 104 106 107 108 110 111 112 115 117 118 119 121 122 124 125 126 127 130 132 133 134 136 137 139 143 145 147 149 150
3 9 10 13 16 17 19 20 23 24 25 26 31 33 41 46 51 52 55 57 60 62 65 67 70 79 82 83 84 89 98 100 101 102 108 109 118 121 123 126 128 131 135 136 138 140 141 142 146 147 148 149 150
6 7 11 21 22 28 30 32 35 37 39 41 42 44 45 46 52 53 56 60 65 79 83 85 91 96 99 107 109 116 119 126 127 128 135 137 138 140 141 143 146
1 2 3 5 7 9 12 14 17 18 19 23 28 31 32 33 36 37 38 41 42 45 49 50 52 53 55 56 58 59 60 64 65 66 67 68 69 73 74 76 77 78 80 82 85 87 89 91 92 93 96 97 98 100 102 103 104 108 110 111 113 114 115 116 118 120 121 123 125 131 132 133 134 135 139 141 142 143 146 147 148 149 150
1 3 4 8 9 10 12 13 14 15 21 25 27 31 33 34 35 37 41 46 53 57 58 62 63 64 66 69 72 74 80 81 82 86 87 88 89 90 92 93 95 98 105 106 111 114 122 123 128 129 131 132 137 139 141 144 147
2 3 9 10 13 17 19 20 24 27 28 30 34 35 36 39 40 41 42 46 47 48 49 54 55 60 61 63 64 65 72 76 78 79 80 81 88 92 93 94 97 98 99 100 101 102 103 104 106 108 109 115 117 118 119 120 123 129 138 140 141 142 143 144
0 1 2 3 4 5 9 10 12 16 18 21 22 23 24 25 26 27 28 29 30 32 35 36 38 43 44 45 46 47 48 52 54 56 57 58 59 63 64 65 68 69 70 72 73 74 76 79 80 82 87 89 91 92 93 94 98 99 101 103 105 106 109 110 113 114 115 118 120 121 124 125 128 129 130 131 133 138 139 140 142 143 144 147 148 149
0 1 2 4 5 6 7 9 15 16 19 20 21 22 23 24 27 29 30 31 32 34 38 40 41 42 43 44 46 47 48 50 51 53 54 55 56 58 59 61 62 64 66 70 71 72 74 75 76 77 78 80 82 83 84 86 87 88 89 90 92 93 96 97 100 101 103 104 105 106 109 110 113 114 117 118 119 120 126 127 128 129 130 131 134 135 137 138 139 140 143 144 145 146 148 149 150
2 3 6 9 10 11 12 22 25 27 39 41 42 44 46 50 57 58 61 68 71 77 83 91 94 101 113 114 115 117 123 126 133 134 138 142 144 146 147 150
15 17 19 31 43 45 48 49 52 60 64 66 67 69 71 72 75 76 79 80 85 87 91 93 94 96 97 109 111 116 121 122 126 127 130 131 132 136 137 140 147 148
3 5 9 13 16 20 23 25 33 35 45 46 48 53 69 70 77 80 90 93 96 97 100 104 106 109 111 123 129 130 131 132 133 142 144 147
0 2 5 7 8 9 11 15 16 17 18 19 20 21 22 24 26 27 29 32 33 35 37 40 41 43 44 45 47 49 50 51 52 53 54 59 62 63 64 65 67 68 70 71 72 73 74 75 77 78 79 81 82 83 84 85 86 88 89 91 92 93 94 97 98 99 101 102 103 104 109 110 112 114 115 116 117 118 119 121 122 123 124 126 127 128 130 132 133 134 135 136 137 141 143 144 145 146 148 149
3 5 9 12 14 18 24 26 29 35 36 43 46 47 50 51 52 53 55 58 66 71 79 82 84 86 87 92 96 97 99 100 101 103 105 108 109 110 111 115 116 118 119 125 128 130 132 134 135 136 137 138 140 142 143 146 148 149
7 9 14 17 18 22 23 25 32 35 39 42 45 50 52 53 56 58 59 60 72 73 79 85 88 90 96 98 99 100 101 102 104 105 106 109 110 112 116 122 123 125 128 130 134 136 137 139 141 142 147 148
0 1 3 4 5 6 7 8 9 10 11 12 15 17 18 20 21 23 25 26 28 31 33 35 37 38 41 43 44 45 49 52 53 54 56 57 61 62 63 64 66 67 69 71 72 73 75 76 77 78 79 80 81 82 83 84 85 86 87 88 89 94 97 98 99 100 101 103 105 108 110 112 113 115 116 118 119 120 121 122 123 127 129 131 132 133 134 137 138 142 144 145 150
4 14 19 20 22 26 27 31 40 43 52 53 54 55 56 59 65 66 67 69 73 74 75 79 81 82 85 88 95 99 101 102 103 108 115 120 121 123 135 137 140 145 150
0 4 5 6 12 14 20 23 24 26 28 31 37 41 43 45 46 51 58 65 66 68 72 73 77 80 81 82 83 85 87 88 91 94 95 96 98 101 107 109 112 113 117 119 122 123 127 129 130 132 135 136 138 140 144 147 150
3 5 6 7 12 14 18 21 22 24 25 27 28 29 30 32 34 37 38 40 43 44 46 47 48 49 50 56 63 66 68 69 71 72 75 76 77 81 86 92 94 95 98 101 106 107 111 117 120 123 127 129 130 131 132 133 134 135 136 139 140 142 143 144 148 149 150
5 8 10 11 12 17 18 19 22 24 26 29 31 33 35 37 38 39 47 51 53 55 56 58 62 64 67 68 69 73 81 83 87 89 90 92 93 97 99 103 107 108 110 111 113 115 117 119 120 125 126 127 129 130 132 140 141 144 146 147 150
0 2 6 7 8 9 10 11 14 19 20 21 23 27 30 32 33 46 51 55 60 63 64 66 67 72 77 83 85 88 90 91 93 98 99 102 103 105 111 112 114 116 119 121 122 139 145 150
1 2 10 11 12 13 16 18 33 37 39 42 43 44 46 49 51 55 56 57 58 59 62 65 68 69 70 72 74 75 76 78 79 82 84 87 90 91 96 99 100 101 105 113 114 117 118 123 127 129 130 134 138 139 140 141 143 148
0 7 12 13 17 18 22 24 27 30 33 34 37 40 43 45 46 56 59 64 67 68 71 72 81 83 88 90 102 106 115 117 118 123 139 143
0 2 5 13 16 17 18 19 20 22 24 26 29 31 33 35 40 47 49 50 51 52 55 56 59 61 63 65 69 70 74 75 78 83 88 93 94 96 97 100 102 104 105 106 109 116 119 120 123 124 125 127 128 129 133 135 137 142 145 150
2 4 9 13 20 24 27 46 55 57 64 66 67 75 83 85 86 87 88 91 97 98 103 104 105 116 118 121 130 132 137 138 141 142 147
0 3 5 6 8 9 10 11 12 13 15 17 18 21 24 25 26 27 31 33 35 36 37 38 43 44 45 46 57 61 63 65 67 68 70 74 75 76 77 81 82 84 85 88 89 91 92 93 96 98 99 100 101 102 103 105 106 107 109 110 111 112 115 117 118 119 120 121 122 124 127 129 130 132 133 134 135 140 144 145 147
0 2 3 7 9 13 17 25 26 37 38 43 44 46 48 50 51 61 65 69 73 76 77 85 97 104 106 108 109 123 124 130 136 138 141 148
0 1 3 5 7 10 12 13 14 17 18 20 21 23 27 30 33 36 37 38 39 41 42 45 52 53 54 55 62 66 68 70 71 77 78 80 81 85 88 89 90 91 93 98 99 100 101 106 109 111 114 118 122 124 126 128 129 131 133 135 140 144 146 147
1 4 6 10 11 12 18 19 20 24 25 26 29 32 36 37 38 47 51 53 56 57 61 64 68 70 71 86 92 93 95 97 98 99 100 102 107 114 116 119 120 122 124 127 128 129 135 140 142 143 145 147 149 150
1 3 6 7 9 11 12 13 14 15 16 19 21 25 26 27 29 30 31 32 35 38 39 42 47 51 52 53 56 60 64 68 69 74 76 77 78 80 81 82 83 85 86 87 89 92 93 99 100 102 107 108 110 113 114 118 121 122 123 126 127 128 129 130 131 133 134 135 137 138 140 142 143 144 146 147 148 150
1 6 8 10 11 12 16 18 19 20 21 22 23 28 30 31 32 33 35 36 37 39 40 41 42 43 44 45 46 47 49 51 52 53 54 55 57 58 59 61 62 63 66 67 72 76 77 78 79 80 82 83 84 85 87 88 89 91 92 93 96 98 101 102 103 104 108 109 110 112 113 115 116 117 118 119 122 123 124 127 128 132 134 136 137 138 139 140 142 143 144 148 149
1 5 7 8 11 12 13 15 17 20 24 25 26 27 28 30 31 32 34 35 38 40 41 43 44 47 50 53 56 58 59 60 63 65 67 68 70 71 72 75 76 80 84 85 86 87 90 93 94 95 96 97 99 102 103 106 107 108 109 111 113 114 120 121 122 123 124 125 129 130 132 133 135 137 138 141 143 145 149 150
0 1 2 4 5 7 11 12 14 15 21 23 24 25 26 30 31 35 36 41 42 43 46 47 50 51 52 53 54 57 58 59 60 62 66 68 70 71 75 76 77 78 80 87 88 89 90 91 92 98 99 100 101 104 105 109 114 115 117 118 119 121 122 124 126 128 129 130 131 133 137 138 142 145 147 148 149
2 9 11 12 13 14 17 18 19 21 27 28 29 32 33 36 38 43 45 46 49 54 55 56 60 68 73 74 75 76 78 79 82 86 89 90 93 97 99 101 103 113 118 120 122 130 131 132 133 135 136 139 141 142 144 146 147 148 150
0 4 5 9 12 13 15 16 19 20 23 24 26 27 30 34 35 36 38 40 41 42 43 45 46 47 48 52 53 55 59 61 66 67 69 70 72 74 75 78 80 81 82 84 85 86 87 88 90 92 93 95 96 97 98 100 102 103 104 105 107 108 109 112 117 121 122 123 124 126 127 128 130 134 137 139 140 141 143 146 149
3 5 12 21 30 38 40 44 56 59 61 73 75 77 86 88 89 93 100 101 102 110 112 114 118 120 124 125 129 130 132 140 143 149
0 2 4 5 6 8 11 12 13 14 15 16 19 20 24 27 28 30 31 32 34 35 36 37 40 42 44 45 49 50 56 57 58 59 61 62 64 65 66 67 69 70 75 78 84 86 91 98 99 100 105 111 112 113 114 115 116 117 118 120 121 122 123 124 125 132 136 138 139 142 143 144 146 149
3 8 10 20 24 30 31 52 54 60 63 65 75 78 84 85 86 89 101 104 110 125 126 127 131 133 142 144 147 148 149 150
3 4 5 7 8 10 11 13 15 16 17 18 21 22 23 24 25 26 28 29 31 33 34 36 37 38 39 40 42 45 46 47 49 52 53 54 56 57 60 61 62 63 64 65 69 70 75 78 79 80 82 83 86 87 88 89 90 91 95 96 98 99 100 101 102 103 105 106 107 108 110 111 112 113 114 115 117 118 121 124 126 127 128 129 130 132 133 134 135 136 137 139 142 144 147 148 149
0 1 3 5 7 8 10 12 13 15 16 17 18 19 21 24 29 31 32 34 36 38 39 40 43 44 45 46 47 50 51 52 53 54 55 58 59 61 62 63 66 67 69 70 72 74 75 76 77 78 82 83 84 85 86 87 89 90 91 92 95 96 101 102 103 104 105 106 107 108 109 113 115 116 117 118 120 122 123 124 125 127 128 130 131 132 138 139 140 142 144 147 149 150
1 3 5 7 12 13 14 22 23 25 26 29 35 37 38 41 46 47 48 51 54 66 75 79 82 83 84 89 99 100 103 105 113 121 123 124 131 140 141 145 146
0 1 3 4 5 6 7 8 9 10 11 12 13 14 16 17 18 20 21 25 27 29 30 31 33 35 36 37 38 39 40 41 42 44 46 48 50 51 53 54 57 60 61 63 64 65 67 68 69 70 72 74 77 81 82 84 85 87 88 92 93 94 96 98 99 103 107 108 109 111 112 114 117 118 121 123 124 125 126 130 131 133 136 138 141 143 146 147 150
0 3 4 6 7 8 9 11 12 15 16 17 18 19 21 23 26 28 29 30 33 34 35 37 41 42 45 46 49 51 52 53 54 55 56 57 58 59 60 62 63 67 69 70 72 73 74 75 77 78 83 84 85 86 87 88 89 92 93 95 96 97 99 100 102 103 105 106 108 109 110 111 113 114 115 118 119 121 123 124 125 126 127 134 135 136 138 141 142 144 145 147 149
0 2 4 6 8 10 11 12 15 17 18 19 24 25 27 28 29 30 31 32 41 43 44 46 50 52 55 56 57 58 59 60 61 66 69 70 78 79 84 85 87 88 90 91 92 93 98 101 102 103 107 110 112 113 114 115 116 119 124 126 131 132 133 137 139 141
0 3 5 7 10 12 13 15 16 17 19 20 21 23 24 25 33 34 36 38 39 42 43 44 45 46 48 50 52 53 54 55 56 57 59 60 62 64 66 67 68 70 73 74 75 76 77 79 83 85 87 89 90 91 92 94 95 97 98 99 100 101 102 104 105 106 107 109 110 114 117 119 120 124 127 129 130 132 134 135 138 141 142 143 145 146 147 148 149 150
2 16 17 18 20 26 40 42 46 49 53 56 58 59 65 69 73 79 80 88 91 92 97 101 103 107 108 109 112 115 118 119 127 129 130 131 136 141 145 149
0 1 2 3 4 6 8 9 10 11 12 15 16 17 18 20 21 23 24 25 27 28 29 30 32 33 34 36 39 41 43 45 50 51 52 53 56 57 58 59 61 63 65 66 67 68 69 72 73 74 76 79 81 84 85 86 87 89 91 93 95 96 97 98 100 102 105 106 108 109 110 112 113 114 117 118 120 121 123 124 125 126 129 130 131 138 139 141 143 145 148 149
0 1 2 3 6 7 8 14 15 16 20 21 22 23 24 25 27 29 32 33 34 41 45 48 49 50 51 53 54 56 59 60 63 64 65 67 68 70 76 77 86 87 88 90 93 94 96 99 103 104 109 110 116 120 121 122 123 125 126 127 139 144 145 146 147 148 149
0 1 2 5 6 7 8 9 10 11 15 16 19 20 21 22 24 27 30 31 32 33 35 36 37 38 40 41 42 43 44 49 50 51 52 53 54 56 57 61 63 64 65 67 69 70 72 73 75 76 77 81 83 85 86 87 88 90 93 94 97 98 101 102 104 106 107 108 110 111 112 113 114 116 117 118 119 120 121 122 124 125 127 128 130 131 133 134 136 137 138 139 142 143 144 145 146 148 149
2 3 4 6 8 9 10 12 14 15 18 19 21 22 25 30 32 34 36 39 40 41 42 44 46 49 51 52 53 55 56 61 63 65 66 70 74 75 77 78 80 81 82 83 85 87 88 90 93 95 97 98 99 100 102 105 107 111 113 115 116 117 120 121 127 128 129 131 132 133 143 149 150
2 4 8 9 10 12 13 17 22 26 29 30 35 36 38 39 45 48 49 52 54 62 63 65 71 76 83 89 97 103 105 106 118 127 134 135 138 139 142 144 146 147 150
0 1 2 4 5 6 8 10 11 13 14 16 18 19 20 22 24 26 27 28 29 32 38 40 41 42 43 44 48 50 51 53 55 57 58 61 64 66 70 73 74 75 76 77 78 80 82 83 86 88 91 93 95 96 100 101 102 104 106 108 109 111 112 113 114 115 116 117 118 119 120 121 124 125 126 127 129 130 132 133 137 139 141 142 143 144 145 148 149 150
4 8 13 19 21 25 26 27 29 30 31 35 36 41 43 52 55 56 60 61 64 70 72 76 77 78 87 92 94 97 100 103 104 106 111 112 113 115 118 120 126 129 131 142 144 147 148 149
0 2 3 8 10 13 17 18 20 31 33 37 38 39 41 42 43 44 47 48 50 51 53 55 57 59 61 62 63 65 69 71 74 75 79 82 85 86 88 93 95 96 97 98 100 102 103 104 105 106 108 113 114 115 120 125 126 129 132 134 135 137 140 141 142 143 144 145 146 147 149
1 2 3 4 6 7 11 12 13 14 16 17 20 26 27 29 32 34 35 36 37 38 39 40 41 42 44 45 47 48 50 51 52 55 56 58 60 62 65 66 67 69 72 73 76 78 79 80 84 86 87 88 90 91 92 95 97 98 99 100 101 102 103 105 106 107 108 109 110 111 112 113 115 116 117 119 120 121 122 123 124 125 126 127 129 131 133 135 137 138 139 140 141 142 143 144 146 148 149 150
4 8 9 13 14 15 16 18 19 22 25 27 29 30 32 34 36 37 39 42 45 46 49 51 54 60 61 62 65 67 69 71 75 82 83 94 96 99 100 102 103 104 106 109 110 113 117 118 120 121 122 123 127 129 131 132 136 139 144 146
0 1 2 6 8 10 11 12 13 14 15 18 19 21 22 24 25 28 29 30 31 38 42 43 45 47 49 53 55 57 59 60 61 62 66 69 71 72 73 74 76 79 80 81 83 85 86 88 89 92 93 95 98 99 100 105 108 109 110 114 119 120 125 127 128 131 132 133 134 135 138 139 140 142 144 145 146 147 148 149 150
0 2 3 6 9 18 19 22 23 24 27 37 39 41 42 43 47 49 51 52 54 55 56 63 64 68 69 70 71 72 73 78 81 82 85 89 93 94 96 97 100 101 102 104 107 108 109 110 111 116 119 120 121 125 127 128 130 133 134 135 136 137 138 142 144 147 150
0 6 8 9 12 13 14 19 20 22 27 29 33 36 37 39 43 46 48 55 61 62 64 66 70 71 72 78 81 85 92 93 98 100 103 106 109 111 113 114 117 118 119 125 126 127 136 139 141 142 143 148
0 4 8 16 17 19 21 22 23 25 28 29 30 32 35 36 37 38 40 41 44 48 50 52 53 56 57 60 61 63 64 71 73 74 79 81 82 83 85 88 92 93 94 96 97 100 101 103 106 107 111 113 115 116 117 118 119 124 125 126 127 132 133 135 136 140 141 143 144 146 149
0 8 10 12 15 19 26 31 32 37 40 41 43 55 58 65 67 71 72 74 76 79 83 84 88 90 92 93 97 98 103 107 108 109 110 111 115 121 128 131 133 135 137 138 140 145 148 150
0 10 16 18 19 21 23 26 34 39 41 45 69 70 71 74 76 79 80 83 87 91 92 96 99 112 113 119 123 124 133 135 136 148 150
1 2 3 4 5 6 7 8 9 10 11 12 14 15 16 17 18 19 21 22 24 26 29 30 31 32 33 35 36 38 39 42 44 45 46 48 50 51 54 55 56 57 58 60 61 62 63 65 66 67 68 70 71 73 75 76 78 79 83 84 86 88 89 90 91 93 95 97 100 101 103 106 108 109 111 113 114 115 116 117 118 121 124 125 127 130 132 133 134 136 137 139 141 142 144 145 146 147 149
0 3 5 7 8 9 11 12 13 14 18 21 22 24 26 27 29 30 32 34 35 39 46 47 48 52 53 55 58 60 62 66 69 70 74 75 76 77 78 80 82 84 85 88 90 93 94 98 99 104 105 108 110 112 114 115 116 117 118 119 121 123 125 128 130 133 141 143 144 149 150
0 1 2 6 7 10 12 13 14 15 16 17 18 19 22 23 24 25 26 27 28 29 30 31 32 33 35 39 40 42 43 46 47 49 50 51 52 53 54 55 56 58 62 64 70 71 73 74 75 76 77 78 79 80 81 82 83 84 88 90 91 92 93 94 95 99 102 103 104 105 106 107 109 110 111 112 113 114 115 119 120 121 122 124 125 127 128 129 131 132 136 137 138 140 141 142 143 146 150
0 2 3 4 6 7 8 9 10 13 15 17 20 21 23 25 26 28 29 30 31 32 35 36 37 39 40 43 46 47 48 50 51 52 54 55 57 58 60 61 62 63 64 65 67 72 73 75 76 77 82 84 86 88 89 90 92 98 99 100 101 102 104 105 110 112 113 120 121 125 126 129 131 132 133 134 135 136 138 139 144 146 148 149
1 2 5 6 7 14 15 18 20 22 23 24 31 34 35 37 38 41 42 44 45 49 51 52 53 57 59 61 62 63 69 72 75 79 80 83 84 89 91 93 95 96 97 98 100 101 103 108 113 114 118 119 122 124 125 127 128 130 131 134 136 137 138 139 145 146 149
1 2 6 7 8 16 17 20 24 27 30 32 38 42 43 44 45 51 53 56 59 65 73 75 77 89 91 93 94 95 96 99 101 104 106 109 115 119 121 124 129 131 134 138 139 146 147
3 4 7 8 9 12 13 14 17 23 24 28 31 33 34 38 40 41 42 46 48 50 52 56 57 60 66 67 74 79 83 84 88 91 93 97 101 102 105 108 109 112 119 120 129 131 132 133 135 141 144 146 150
0 2 3 4 7 8 12 13 14 15 16 17 18 19 24 25 27 30 33 34 35 37 38 39 43 45 47 49 53 54 56 62 63 65 67 69 70 72 74 75 80 83 84 85 86 88 90 92 93 95 98 106 109 110 114 118 122 123 125 126 127 128 131 132 133 134 135 137 139 140 143 144 145 146 147 148 150
2 6 9 10 11 13 15 18 19 20 21 22 23 24 25 29 33 34 35 36 37 44 45 47 48 51 53 56 57 61 67 71 73 75 76 77 81 83 84 85 88 91 92 94 95 97 99 100 102 105 109 111 112 116 117 120 121 123 128 129 130 133 134 135 136 138 143 146 148
1 2 4 5 7 10 13 14 15 17 18 19 21 24 25 28 29 30 31 32 34 35 38 39 40 41 43 45 46 47 48 50 54 55 57 61 62 64 65 66 67 68 69 70 73 75 76 77 78 79 80 81 82 84 85 86 88 91 93 95 96 97 99 101 103 104 107 110 112 113 115 118 119 120 121 122 124 125 126 129 130 135 137 138 140 142 143 144 145 146 148 149
1 2 3 6 8 9 14 15 17 19 20 21 22 24 25 26 27 28 29 30 31 32 33 35 37 38 40 41 42 43 44 45 46 49 51 53 54 55 56 61 62 65 66 67 68 70 72 74 75 76 80 82 83 84 85 86 87 88 91 92 93 94 97 98 99 100 101 103 104 108 109 110 111 112 114 115 117 119 120 122 123 125 127 130 131 132 133 136 138 140 141 142 143 144 145 147 149
1 4 5 9 10 11 15 17 19 21 23 26 27 28 29 31 33 34 35 36 40 43 44 47 48 49 56 57 66 68 70 77 85 89 90 91 93 94 95 102 109 112 114 116 120 124 125 130 131 138 142 143 145 146 147 148 149
0 4 5 6 7 9 13 15 16 18 19 20 22 24 25 30 31 32 33 34 36 37 38 39 40 41 43 45 46 47 53 54 55 56 57 58 59 60 62 63 66 67 69 70 71 73 76 77 81 82 84 85 86 87 88 90 92 94 95 100 101 104 105 106 107 108 109 110 111 112 113 114 116 121 122 124 127 130 131 132 134 135 136 139 140 142 143 145 146 147 149 150
0 7 8 13 14 15 16 17 18 19 20 21 22 25 27 28 30 31 32 38 42 43 47 48 50 56 57 64 68 69 71 72 73 78 80 83 85 86 88 91 95 97 98 100 101 104 106 110 111 112 113 116 122 130 132 133 135 136 137 140 144 147 149
1 2 3 5 6 8 10 15 16 17 18 20 23 27 28 29 31 32 33 35 38 39 40 41 42 43 44 46 48 51 53 54 55 56 60 62 63 64 66 67 68 70 73 74 76 80 82 88 90 91 92 93 95 96 98 99 100 104 105 106 107 108 109 110 111 112 117 120 122 123 125 126 129 130 131 132 133 134 135 138 144 145 147 148 150
1 2 4 6 11 19 20 23 27 34 39 41 42 44 45 47 49 60 61 62 67 68 69 71 72 73 78 79 82 87 90 93 94 96 98 99 105 106 111 121 126 128 138 140 141 144
0 2 5 6 7 9 11 12 13 15 16 18 20 23 24 25 27 28 32 33 35 37 39 44 47 49 51 54 55 56 57 58 61 62 63 64 65 66 67 69 70 72 75 78 79 82 84 86 87 88 89 90 91 94 95 96 98 103 106 107 108 109 110 111 112 114 116 117 123 125 126 130 133 134 138 141 143 144 147 149
1 3 5 7 8 9 14 15 16 17 19 20 21 23 25 26 27 28 29 31 32 37 40 41 42 43 45 48 54 55 57 58 62 63 67 70 71 72 78 81 82 83 86 91 93 95 97 101 102 104 106 107 114 116 117 119 122 124 126 127 129 132 133 134 136 141 142 147 148 149 150
6 15 26 28 34 38 39 44 49 52 55 75 83 84 85 86 93 101 103 107 115 119 121 122 125 127 129 131 134 136 139 140 148
2 3 4 6 7 9 11 17 18 21 22 23 25 26 28 29 30 31 32 36 37 38 40 41 42 43 44 45 46 47 48 49 50 52 53 54 55 56 57 58 59 62 63 66 67 68 69 72 74 75 76 77 78 79 80 81 82 84 86 90 91 92 96 97 98 99 100 102 104 106 107 109 110 112 113 116 118 120 122 123 124 126 128 131 132 133 134 135 136 137 139 143 144 145 148 150
1 6 7 10 11 13 14 17 18 19 23 25 27 28 30 32 35 36 42 43 45 46 48 49 52 53 54 56 58 59 61 62 69 75 77 78 81 82 84 85 87 96 97 98 100 104 106 107 108 109 114 115 117 118 123 124 128 131 132 133 139 141 144 145 147 148 149 150
1 7 9 10 11 21 23 24 26 34 35 36 39 42 51 54 57 65 69 73 76 78 80 84 86 87 89 91 92 94 113 120 121 124 127 128 130 134 135 139 140 141 143 144 148
1 6 8 9 10 11 13 15 16 17 19 20 21 22 23 24 26 27 28 29 30 31 33 34 35 36 37 39 40 41 43 46 48 50 51 52 53 54 55 56 58 59 62 63 65 66 67 68 69 72 74 77 78 79 80 84 85 86 87 93 94 95 96 97 100 101 103 105 107 108 112 114 115 118 120 121 122 125 127 128 129 130 133 135 140 141 145 146 147 148 150
1 2 7 8 10 12 14 17 20 22 25 27 40 41 42 48 53 55 58 59 61 65 68 69 70 77 78 79 83 84 86 87 89 90 92 94 96 97 98 105 107 108 114 115 118 123 125 127 131 132 134 135 136 137 141 142 143 149
3 4 6 7 8 11 12 13 14 16 18 19 21 22 24 26 27 28 29 31 33 34 35 36 37 39 40 41 43 44 49 50 53 55 56 57 61 62 65 66 67 71 72 74 75 76 79 80 81 83 84 85 87 88 89 90 92 93 95 96 98 101 103 105 106 108 109 110 113 118 119 121 123 127 128 130 131 132 133 134 137 138 141 143 144 145 146 147
0 1 2 4 5 10 16 17 18 20 22 23 24 25 28 30 31 33 35 37 39 40 42 43 44 46 47 51 52 53 54 56 57 59 60 61 62 63 65 66 68 72 73 74 75 76 78 79 87 88 89 90 92 95 96 97 99 100 102 103 104 111 112 113 117 120 121 122 123 127 128 131 133 135 136 138 140 144 145 147 149
0 1 3 8 9 11 13 14 15 16 18 20 21 22 25 27 32 33 34 37 38 39 40 42 43 45 47 49 50 51 53 54 55 56 58 59 60 62 63 64 65 66 68 69 70 71 72 73 75 76 80 81 82 83 86 87 89 93 94 96 97 98 100 101 102 105 106 107 110 111 113 118 120 125 127 129 130 132 138 139 140 141 143 146 148 150
3 4 7 9 12 15 16 17 20 22 25 28 30 31 33 34 35 36 40 43 45 47 60 61 62 65 67 70 71 72 78 79 81 82 84 87 93 96 97 98 101 102 107 112 113 114 115 116 117 118 119 129 132 135 136 142 146 147 148
0 1 2 6 8 10 13 18 22 26 27 29 37 39 40 41 42 47 50 52 54 55 57 59 62 63 76 79 83 87 94 98 99 100 104 105 108 110 111 116 119 122 124 125 136 139 142 143 144 148
0 2 6 7 8 10 11 13 19 25 29 30 31 32 33 35 37 38 41 42 44 45 47 48 50 53 54 57 58 60 62 63 65 68 71 75 76 80 83 85 86 88 89 91 95 98 99 100 101 103 106 107 110 111 114 115 118 125 127 128 129 135 137 140 141 142 144 147 148 150
2 10 11 12 13 16 20 27 32 35 38 46 50 61 73 75 76 80 81 82 86 87 88 90 94 99 101 112 115 119 121 122 127 136 140 148 150
0 1 2 6 10 11 12 14 15 22 23 25 26 27 29 30 33 34 38 40 43 45 46 48 50 53 54 55 57 58 60 61 67 71 73 74 76 81 83 85 88 91 92 95 97 102 103 105 108 110 112 116 117 120 122 124 125 126 129 131 132 133 134 135 136 139 140 141 143 144 145 148 149
0 1 2 3 5 6 7 8 9 10 11 12 17 18 19 21 24 27 31 34 38 39 41 42 43 45 47 50 53 54 55 56 57 58 59 61 63 65 66 69 70 73 74 75 76 78 79 80 82 83 84 85 86 87 88 89 91 93 94 95 96 97 99 102 103 104 106 107 108 110 111 113 115 116 117 118 119 120 122 124 125 126 127 128 130 131 132 133 135 137 138 139 140 141 145 146 147 149 150
1 3 8 9 11 12 16 17 18 21 23 24 25 26 27 29 33 37 38 42 44 46 48 49 51 52 53 57 58 61 66 70 71 73 75 79 81 84 86 87 90 94 96 97 98 99 102 106 109 110 112 115 116 117 128 133 134 138 139 140 143 145 146 150
1 4 5 7 8 11 12 15 16 17 18 19 20 22 24 26 28 29 31 33 35 37 39 40 44 48 49 51 52 55 56 57 58 59 61 65 66 67 68 69 70 74 75 76 78 80 81 82 83 84 86 87 88 89 90 92 94 96 99 101 102 103 104 107 109 110 111 113 114 115 118 119 121 123 125 126 127 128 130 133 134 136 137 141 143 144 146 147 148 149 150
2 8 9 29 33 34 37 45 46 53 56 57 63 66 71 72 73 80 96 97 102 103 106 107 111 116 118 123 127 131 132 140 143 144 149
1 7 9 12 13 15 19 23 26 27 29 30 32 34 35 37 38 40 42 47 51 56 57 58 59 60 65 66 67 74 75 78 79 83 84 87 90 92 93 96 102 106 107 108 111 113 116 120 121 122 123 125 128 131 138 139 144 145 149 150
1 2 3 4 5 8 9 10 11 12 13 14 15 16 17 18 19 21 22 26 27 29 30 31 32 33 35 36 37 39 40 41 42 43 44 45 46 47 49 53 54 55 59 61 63 64 66 67 68 71 72 73 76 78 79 80 81 82 85 86 90 92 93 94 95 97 100 101 102 103 106 107 108 110 115 116 121 122 123 124 125 126 127 128 129 130 131 132 133 134 135 137 138 142 144 145 146 149 150
4 10 11 20 22 27 33 37 39 42 47 53 54 56 57 62 82 85 87 92 103 112 116 124 128 129 133 134 135 141 142 150
0 1 2 3 7 9 10 11 14 15 17 18 20 21 22 25 28 29 32 33 34 35 36 38 39 42 45 46 47 48 49 50 51 52 53 56 57 59 61 62 64 66 68 70 71 72 73 74 75 77 78 79 81 82 84 85 87 89 90 91 92 94 97 98 100 102 103 104 106 107 108 110 112 115 117 118 120 121 123 124 128 129 132 133 139 143 144 147 148
2 3 6 7 8 9 10 12 13 14 15 16 18 19 21 22 23 24 25 26 29 32 33 34 37 38 40 41 45 46 53 56 57 58 60 64 65 67 68 69 70 71 73 74 76 77 78 79 80 81 82 84 85 86 88 91 92 93 94 95 97 98 100 101 102 103 105 106 107 109 110 112 113 116 117 121 122 123 125 127 129 130 131 132 134 135 137 138 139 141 143 144 146 147 148 149
1 2 3 4 5 8 9 10 12 13 14 15 16 17 24 25 26 27 32 36 37 38 41 42 45 46 50 52 53 55 59 64 65 69 76 77 81 83 85 87 90 91 94 97 106 110 111 112 113 117 118 119 122 128 130 131 135 137 138 139 141 142 143 144 146 149 150
2 3 7 8 10 12 14 16 17 18 19 20 21 22 27 28 31 32 33 37 48 49 51 53 57 60 61 62 65 66 69 72 73 76 77 79 82 83 86 87 91 92 95 96 100 103 104 107 108 110 111 114 115 118 120 121 122 126 127 130 132 133 135 139 140 142 147
5 6 8 10 11 16 17 19 24 28 30 32 40 42 51 59 60 61 64 65 71 72 73 76 80 81 84 87 88 89 90 92 94 96 103 110 116 118 119 123 127 131 132 134 136 139 140 149
1 2 4 7 8 10 13 14 15 16 17 19 20 21 24 25 28 29 31 33 35 37 38 39 40 42 43 44 46 51 54 55 56 57 59 60 63 66 67 69 71 72 73 76 77 79 80 82 83 89 91 95 96 97 98 102 103 106 109 111 113 117 118 119 120 121 122 128 129 134 135 138 139 141 142 143 145 147 148 150
2 4 6 8 11 12 14 15 16 17 19 20 25 31 32 33 35 38 40 42 45 47 48 49 50 53 54 55 56 68 69 70 71 72 76 77 79 83 87 90 94 97 102 108 111 114 115 117 120 123 124 125 127 130 131 133 134 135 138 141 143 144 146 149
3 4 9 10 16 18 19 21 22 23 25 38 41 42 44 45 47 50 51 57 61 62 71 76 77 78 85 87 89 93 95 105 109 110 113 119 120 121 122 129 130 137 138 139 141 144 150
1 2 3 4 5 9 10 12 13 16 17 20 21 24 25 26 27 28 29 30 31 33 34 40 45 47 48 49 53 54 56 57 58 59 61 62 63 64 65 68 69 70 72 73 75 77 80 81 83 84 85 86 90 91 92 95 96 97 98 100 102 103 104 107 109 111 114 116 119 121 123 125 126 127 128 129 130 132 134 136 138 139 140 143 144 147 148 149
0 1 2 10 12 13 19 20 22 25 26 27 28 30 31 32 34 35 36 39 40 41 42 43 45 49 50 52 54 58 61 64 65 67 70 76 80 82 83 85 86 91 92 96 97 99 100 101 102 105 106 107 108 115 116 117 118 120 121 122 124 128 130 134 137 139 142 144 145
1 3 4 7 10 11 12 13 20 21 22 23 24 25 27 28 30 31 32 34 35 36 37 38 42 44 45 46 47 48 50 53 54 60 61 62 65 68 69 71 73 74 78 80 81 84 86 88 89 90 92 95 96 97 99 101 104 105 109 112 114 115 116 117 118 121 122 123 125 126 131 135 136 137 139 142 143 144 145 147 148 150
0 1 2 4 5 6 9 11 13 14 15 16 18 21 30 33 35 44 45 48 49 54 55 56 60 61 63 64 65 67 68 71 74 79 80 84 88 92 96 100 102 105 108 113 114 117 119 122 123 125 128 131 132 135 137 141 142 143 146 147 148 150
3 5 10 14 16 21 24 26 30 32 33 34 36 37 39 40 43 45 50 53 58 59 62 66 67 68 70 72 73 81 82 84 87 91 94 99 100 104 106 108 111 112 113 117 123 124 126 127 138 144 149
0 2 3 4 6 7 10 11 14 15 18 20 22 23 30 35 40 42 43 48 50 55 59 60 62 64 65 66 71 72 74 76 79 80 82 83 86 88 91 94 97 98 101 102 108 109 110 115 117 121 127 129 135 136 137 144 145
0 1 3 4 5 6 9 10 11 12 13 14 15 16 17 21 22 24 27 30 31 35 36 38 40 41 42 45 47 49 51 52 54 57 62 66 68 71 74 76 77 78 79 81 84 85 88 89 91 92 93 94 95 96 99 100 103 104 105 106 108 109 110 112 115 117 118 121 123 125 126 127 128 130 131 132 133 135 137 138 139 142 143 145 146 147 150
0 3 4 7 8 9 10 11 12 15 16 18 23 24 29 30 32 35 37 38 41 43 47 50 52 53 54 55 56 57 58 59 61 67 70 71 78 79 81 83 84 85 87 88 90 91 92 93 94 95 97 101 102 103 107 109 110 111 116 117 119 120 121 123 124 126 127 128 129 131 133 134 135 138 139 140 141 143 145 146 147 149 150
1 4 8 9 11 14 15 16 18 19 21 22 24 25 28 29 30 32 35 36 37 40 41 43 45 46 47 51 52 56 58 59 60 61 64 67 68 70 71 72 74 77 79 81 86 87 89 90 91 94 95 97 98 99 102 105 107 108 109 113 116 117 118 120 122 123 126 127 128 129 132 134 135 138 139 140 141 143 144 146 147 149 150
0 1 4 7 8 9 15 17 19 21 22 23 27 28 29 33 35 36 40 41 44 52 61 62 63 66 69 70 72 73 76 77 81 82 84 85 86 87 90 92 95 99 100 101 106 107 111 112 113 114 116 117 122 123 128 129 130 133 134 136 142 145 146 148 149 150
0 1 5 8 9 11 12 13 15 16 18 22 23 33 35 39 42 45 47 49 50 55 57 58 62 67 69 70 71 74 75 77 78 83 84 85 88 91 93 95 99 101 105 112 113 122 125 127 128 131 134 136 137 142 150
0 2 3 4 6 16 20 23 25 32 36 38 40 42 51 54 59 62 67 71 72 74 79 82 83 85 90 95 97 108 109 110 112 113 117 121 122 123 129 130 131 133 135 136 138 147
1 4 12 13 14 17 20 23 30 31 32 33 35 41 44 45 47 51 52 53 56 57 60 61 64 65 67 68 69 73 75 77 80 87 88 89 90 91 99 101 104 106 111 115 116 118 119 121 122 123 135 136 138 139 144 150
1 3 6 7 9 10 11 12 13 14 16 17 18 20 21 22 23 25 27 28 29 30 33 34 38 39 40 41 43 44 45 46 47 51 55 56 57 59 60 61 62 63 64 66 67 68 69 71 72 74 75 77 78 80 82 83 85 86 88 89 92 93 94 96 100 103 109 110 111 113 114 115 118 121 122 123 124 126 130 131 132 135 137 138 140 141 142 143 144 146 147 148 150
3 5 8 9 13 14 16 17 18 20 21 22 26 28 30 33 35 41 42 44 51 53 55 59 60 61 69 70 71 72 76 78 79 81 83 85 90 91 93 99 103 104 106 109 116 120 122 123 124 126 127 128 129 132 134 135 136 139 143 148 150
6 14 16 25 33 34 45 46 48 49 53 54 65 73 74 77 85 87 90 92 94 96 103 115 122 126 130 139 146 147
3 5 6 7 9 13 14 17 18 19 21 23 24 32 34 35 36 41 42 43 58 59 63 64 68 69 70 73 74 76 80 82 83 85 90 92 95 97 99 100 106 107 111 112 113 114 117 118 122 123 124 126 127 128 129 132 133 134 136 138 139 141 143 145 150
0 2 3 4 9 12 13 19 23 25 27 29 31 32 34 35 36 37 41 42 47 48 51 52 53 54 56 60 61 65 68 70 72 73 74 75 76 77 78 79 80 82 85 86 87 89 91 94 96 97 98 99 103 104 106 107 109 112 114 115 116 117 119 120 121 122 125 126 130 131 133 134 135 136 139 140 141 142 143 144 146 149
0 1 2 3 7 8 10 13 15 16 17 18 19 24 25 26 28 30 32 33 34 35 37 39 40 41 42 43 47 48 50 52 56 57 60 62 64 65 69 70 72 73 74 75 76 78 80 82 83 84 85 88 89 91 92 93 96 98 99 100 103 106 109 111 116 117 118 119 120 121 122 124 125 126 128 130 132 134 135 136 137 138 140 142 144 148
0 1 2 3 6 7 8 13 15 16 21 23 24 29 30 33 37 42 45 46 49 50 53 54 56 57 58 60 61 62 64 67 68 69 70 72 73 75 84 90 93 94 95 96 97 98 99 101 102 103 107 108 111 113 116 117 118 122 123 125 126 127 129 130 131 132 133 135 138 139 140 144 147 150
12 18 22 26 29 33 34 40 44 45 50 53 54 56 59 61 63 69 77 88 89 92 97 98 99 101 104 107 110 111 113 115 119 128 130 134 141 142 145 147
0 9 10 13 14 15 17 20 23 24 26 27 28 29 31 32 33 34 35 36 43 50 51 54 55 62 63 67 68 69 73 76 78 81 84 87 88 96 100 101 102 104 107 108 111 116 117 124 129 133 134 135 140 145 146
3 12 13 16 17 22 24 25 27 29 32 36 37 38 40 41 42 45 48 49 50 52 54 56 58 59 60 61 62 63 64 67 68 73 79 81 82 83 84 89 91 92 93 94 95 96 97 99 100 106 107 113 114 115 122 123 125 133 134 136 137 138 141 142 143 146 147 149 150
1 2 4 5 7 9 10 12 14 15 16 19 20 26 27 28 29 30 31 32 33 34 35 36 37 38 39 41 42 43 46 47 48 49 50 51 52 53 55 58 60 61 64 66 67 70 72 74 75 79 81 83 85 87 89 93 95 96 97 98 99 101 102 106 107 112 113 115 119 121 123 124 125 126 128 131 134 135 140 143 144 145 147
1 5 6 10 11 13 16 17 23 25 26 28 33 39 45 48 50 51 52 56 58 63 68 75 76 77 79 81 82 83 85 86 98 99 105 106 107 112 113 115 117 120 121 122 124 126 128 131 133 138 139 141 142 144 148 149 150
1 2 3 5 6 13 16 17 19 20 21 23 24 25 28 34 39 41 42 47 51 59 64 67 72 73 76 80 81 82 84 88 100 109 110 112 114 118 121 131 132 135 136 137 145 146
11 12 13 14 21 24 25 26 31 37 39 43 44 45 50 53 56 58 67 71 78 79 87 94 98 101 102 103 105 112 114 115 118 121 122 123 125 132 134 142 146 148 149
2 5 6 7 14 16 17 18 21 22 23 30 34 38 44 53 62 70 72 73 79 80 81 82 84 85 89 90 100 101 102 103 107 108 112 113 116 119 120 121 126 129 137 147
0 1 2 3 4 5 6 7 8 9 10 16 18 19 22 24 25 27 28 29 32 33 34 38 42 44 46 47 50 53 55 56 62 64 66 67 68 69 70 72 73 78 80 82 84 85 87 88 90 91 94 100 102 104 105 111 112 113 116 117 118 120 122 124 125 126 127 129 132 135 136 139 141 142 143 144 145 146 148 149 150
0 7 9 10 16 18 22 26 27 33 36 41 43 47 49 52 58 64 65 69 88 93 95 100 101 102 104 108 111 113 114 120 122 125 132 135 139 147
2 5 7 9 11 12 15 27 29 32 35 38 41 43 51 54 56 57 59 60 63 65 67 69 71 73 74 75 78 80 81 83 90 91 92 94 97 100 102 103 104 108 109 113 116 118 122 129 132 137 138 139 143 149 150
3 9 15 21 33 39 44 54 58 59 62 71 74 77 78 80 81 86 87 101 112 121 122 124 128 130 131 134 135 139 141 143
0 27 37 42 43 53 54 58 59 62 63 65 74 76 79 85 91 97 99 100 104 107 113 119 126 127 133 136 137 138 140 143
0 2 4 7 9 10 11 12 16 19 20 21 22 24 25 26 27 28 32 37 39 42 44 47 51 52 59 60 63 64 65 67 68 70 73 77 79 85 87 99 102 111 114 123 128 129 132 133 135 137 141 144 149 150
1 5 8 11 16 17 19 20 22 28 31 32 33 39 40 42 44 45 47 50 53 58 62 66 68 70 71 83 85 90 93 99 104 112 115 118 129 132 135 136 138 139 145 146 147 148
4 9 11 15 16 18 19 22 23 26 28 35 37 38 43 51 52 53 57 62 64 65 69 70 73 78 80 82 83 84 90 92 99 103 106 108 112 113 115 119 123 128 130 132 134 137 139 144 149
1 3 4 5 6 8 9 10 12 13 15 16 17 18 19 20 21 22 27 29 30 31 35 41 42 45 46 47 49 50 51 53 56 61 63 64 65 67 68 69 70 71 72 73 74 75 76 78 79 83 86 89 92 95 96 97 100 102 104 105 106 107 108 109 110 112 113 114 115 116 118 121 124 126 130 132 133 134 135 136 142 145 146 150
4 5 6 9 10 12 13 14 15 23 24 25 26 28 30 31 32 35 37 41 42 43 45 48 50 51 54 56 59 60 61 62 63 65 67 70 72 75 76 77 78 79 80 84 85 86 87 88 90 92 95 96 98 101 103 105 106 108 116 117 118 119 120 121 122 125 126 130 132 133 134 135 136 137 141 145
0 4 7 9 11 14 19 20 23 25 27 32 38 45 47 51 54 59 63 66 69 76 77 83 84 91 97 100 103 105 106 110 117 118 119 120 126 130 134 137 141 143 146
0 2 4 7 12 13 14 15 16 18 21 22 24 25 26 28 29 30 31 32 34 35 36 37 40 41 43 49 50 51 53 54 56 59 63 64 66 67 68 70 75 76 77 78 79 80 81 83 87 88 89 96 97 101 103 104 106 108 109 111 118 123 128 129 130 131 132 133 134 135 136 142 144 146 147 149
2 3 5 12 13 15 19 22 28 29 34 36 37 38 43 47 48 54 56 57 58 62 63 66 71 74 77 78 81 87 89 93 94 97 99 100 101 103 105 106 107 111 112 113 114 116 117 118 119 120 122 123 127 128 130 136 140 141 142 143 144 149
1 2 3 4 5 6 7 8 10 12 13 16 17 18 20 26 30 34 36 38 39 41 42 44 46 47 49 50 51 52 53 54 56 57 58 59 63 66 67 69 70 71 72 74 75 77 79 80 81 83 84 86 89 90 91 92 93 94 95 96 97 98 102 103 104 105 107 108 109 110 111 112 113 114 115 116 117 119 120 121 122 123 125 126 127 128 131 132 133 134 135 137 139 141 143 144 145 147 150
0 1 2 3 5 6 7 8 9 11 12 15 16 17 18 19 20 21 24 25 27 28 29 30 31 34 35 36 37 38 39 42 45 46 47 48 49 53 54 55 57 59 61 64 65 66 67 68 70 71 72 74 75 76 77 79 81 85 86 88 89 91 92 94 97 98 101 102 105 110 111 112 113 114 117 118 119 120 121 122 124 125 126 127 128 129 130 134 135 136 137 138 139 140 141 142 143 145 147 148
2 5 11 22 34 41 54 55 56 58 59 60 63 67 68 69 73 80 89 91 93 98 100 103 104 109 111 118 121 123 126 130 131 134 138 140 143 144 150
1 3 4 8 10 13 14 18 19 21 24 27 28 30 36 39 42 43 44 45 50 51 58 61 62 65 68 69 76 80 83 84 86 91 94 95 96 99 100 103 105 112 114 115 116 122 124 125 126 127 137 138 143 147 150
1 5 7 10 12 15 16 18 20 21 22 25 27 28 29 30 32 33 35 36 37 38 39 41 42 45 49 51 52 54 56 60 61 62 65 66 67 68 69 70 71 74 76 77 78 79 80 84 85 86 87 89 90 91 92 93 95 96 97 98 100 102 106 107 108 109 110 113 118 119 120 121 122 123 124 126 127 128 129 132 134 135 136 141 143 144 145 146 148
1 5 6 7 8 15 16 17 18 20 23 26 31 32 34 35 36 39 40 41 42 43 48 52 55 56 57 58 59 62 64 65 66 68 69 71 73 78 81 84 85 87 91 92 94 96 97 113 114 120 124 125 126 127 130 131 132 134 136 138 139 146 148 149
0 2 3 4 7 10 11 13 17 18 19 23 25 28 30 32 35 36 37 38 40 41 42 43 45 46 48 49 50 53 55 56 59 60 61 62 63 66 67 70 71 72 74 76 78 80 83 86 90 91 93 94 95 97 98 99 104 106 107 108 111 112 113 115 116 117 120 121 122 123 125 126 127 128 129 132 135 136 138 139 140 141 142 143 145 146 147 148 149 150
2 3 4 5 6 7 8 9 11 12 13 14 16 17 18 20 21 24 25 27 28 29 30 32 33 36 37 38 39 40 41 45 48 50 52 53 54 56 57 58 59 60 61 63 64 66 68 69 70 71 72 73 74 75 77 78 79 80 82 83 84 85 86 87 88 91 92 94 96 99 100 101 102 103 104 108 110 112 113 115 116 118 121 124 125 128 129 130 135 136 137 139 140 143 144 145 146 148 149 150
0 5 6 8 18 20 23 26 32 34 35 38 39 40 46 47 49 50 51 54 56 58 61 64 66 70 71 72 74 75 78 81 82 83 84 85 100 102 107 109 112 113 116 118 120 128 129 133 135 136 137 138 145 147 149 150
0 3 5 7 10 11 12 13 14 15 16 17 22 23 25 26 28 29 37 38 42 43 44 45 48 51 52 55 59 62 63 65 66 67 70 71 72 73 75 76 79 81 82 85 86 91 93 94 97 100 103 108 109 112 113 115 116 118 121 122 123 124 127 128 129 130 132 133 137 138 140 141 143 144 147
0 2 8 13 14 15 19 20 22 24 27 30 31 32 38 40 41 42 45 48 52 56 57 59 60 65 73 76 79 85 88 92 96 99 100 101 102 104 109 113 123 124 130 132 133 135 136 137 141 142 143 144 145 149 150
1 6 11 12 15 18 20 22 23 24 31 32 37 45 46 47 52 54 55 57 58 60 62 71 77 79 81 84 85 87 90 95 100 102 107 108 109 110 111 117 118 119 125 135 136 137 138 143
0 2 3 5 6 7 8 10 12 13 15 17 18 19 22 23 24 25 28 29 30 31 34 35 36 37 38 40 41 43 44 45 47 50 51 52 53 54 56 57 58 59 60 61 63 65 68 69 70 72 73 74 75 76 77 78 82 83 85 86 88 89 90 91 93 94 99 100 101 102 103 105 106 107 108 109 110 112 113 114 116 121 124 125 127 130 131 132 133 135 136 138 139 140 141 142 143 145 146 150
0 3 4 5 7 8 9 10 12 13 14 17 18 20 23 24 25 26 28 29 30 31 33 35 37 39 41 42 44 45 47 49 50 51 53 54 56 57 61 63 64 65 66 67 68 70 73 74 76 77 80 81 82 84 85 86 88 90 91 94 95 96 97 98 103 104 105 109 111 114 115 119 120 121 122 124 125 126 128 129 132 134 135 136 137 142 143 146 148 150
0 1 2 9 10 11 13 14 15 16 22 25 28 38 40 43 46 47 49 50 54 55 59 60 61 63 69 74 75 79 81 83 85 86 87 88 95 99 101 102 103 105 107 109 112 116 118 119 121 124 126 128 129 130 132 133 135 137 138 140 141 143 144 145 146
0 4 5 6 7 12 15 21 22 23 30 31 34 37 40 42 46 48 49 50 51 53 54 56 59 63 64 66 69 70 74 75 77 82 83 84 89 91 93 96 101 103 118 119 121 127 130 132 133 134 136 138 139 143 149
2 3 13 14 19 20 25 29 30 33 35 53 54 62 64 72 76 81 83 88 92 94 109 114 115 117 118 123 125 141
1 3 6 12 18 20 23 26 34 36 40 46 51 64 65 76 79 84 90 105 108 118 120 124 125 129 132 133 138 146 149
0 4 5 9 10 16 19 22 23 27 28 29 32 34 38 42 43 44 45 46 52 54 55 66 76 81 85 87 90 91 92 97 98 100 101 102 104 108 110 113 115 116 120 121 125 127 130 136 137 142 143 146 147 149
0 3 4 5 6 7 8 9 11 13 15 16 17 19 21 22 23 24 26 27 28 30 31 32 33 35 37 38 39 42 43 45 46 47 48 49 51 53 54 55 56 57 62 64 65 66 67 68 69 71 72 75 77 79 80 81 82 83 85 88 89 90 92 93 95 97 98 102 103 104 105 106 107 108 110 112 113 114 116 118 120 121 123 125 126 127 128 129 131 132 133 134 137 140 142 143 144 147 149 150
0 1 2 3 4 6 7 8 9 10 11 12 13 15 16 17 18 19 20 22 23 25 26 27 29 31 33 34 35 37 38 40 46 47 49 50 51 52 53 57 59 62 65 68 69 71 72 73 75 77 80 81 82 84 85 88 89 91 92 93 94 95 96 98 99 101 102 104 105 106 107 109 110 112 113 114 115 117 118 121 122 125 126 127 129 130 131 132 134 138 139 141 142 143 144 145 147 148 149 150
3 5 9 11 12 15 18 20 21 26 27 28 30 31 34 38 43 45 50 53 54 56 57 59 60 65 70 71 72 74 75 78 79 83 85 86 90 93 97 99 100 103 107 108 110 111 113 114 118 119 120 122 126 129 132 136 137 139 142 144 149 150
0 1 3 4 6 7 9 14 15 19 21 23 26 27 30 32 33 36 37 38 40 43 44 46 52 53 57 61 66 68 69 73 75 82 84 85 86 87 88 91 92 94 96 97 98 99 102 103 104 108 109 111 112 115 119 121 124 125 126 130 133 135 136 137 138 141 143 144 147 148 150
0 2 3 4 6 7 8 10 12 15 18 21 22 24 28 30 32 33 34 36 42 43 45 48 49 50 52 53 54 55 57 58 63 64 68 69 72 74 76 78 80 81 84 87 88 90 91 93 94 99 100 101 103 104 106 107 109 112 113 114 115 116 117 118 119 121 123 124 125 127 128 129 131 132 133 134 137 138 139 140 141 143 144 145 146 147 148
1 2 4 5 6 7 10 11 13 14 16 22 23 24 25 27 29 35 39 40 42 45 48 50 52 55 57 59 62 64 66 67 69 70 72 80 82 84 85 86 87 90 91 92 93 94 101 103 104 107 109 112 113 115 116 118 124 127 129 132 133 136 137 140 142 143 145 146 147 148 150
0 1 3 6 10 11 16 18 19 21 23 24 28 32 33 34 38 40 44 48 49 56 59 63 65 71 73 74 76 77 78 79 82 83 85 86 90 94 96 97 99 100 101 103 105 106 111 112 115 120 122 131 133 135 136 137 138 139 143 144 146 147 149
1 2 3 5 6 8 9 10 15 16 17 18 19 20 21 23 25 27 28 29 30 32 34 36 37 38 39 40 41 42 43 44 45 46 48 50 51 52 54 55 57 59 60 61 62 63 64 65 67 70 73 74 75 77 79 86 87 89 90 91 93 94 95 96 97 99 100 102 103 104 105 108 110 112 113 115 116 117 121 123 124 126 127 128 129 131 132 133 134 135 136 137 138 141 143 144 146 147 149
0 1 3 4 10 11 13 14 19 20 22 23 24 25 27 28 29 31 36 37 40 42 45 46 47 48 49 50 58 61 62 64 67 70 75 77 78 79 80 81 83 84 85 86 88 90 91 92 93 94 95 96 97 98 99 102 106 109 110 111 112 114 115 116 117 118 120 122 123 124 125 126 127 132 133 135 136 137 139 140 142 144 147 148
0 1 2 3 5 7 10 15 17 20 22 24 25 27 28 31 34 40 41 42 45 46 50 51 52 53 55 62 63 64 72 75 77 84 85 88 89 96 99 100 101 102 104 105 108 110 111 114 116 117 118 121 124 126 127 128 129 131 132 134 143
2 5 8 9 10 12 13 14 16 21 22 23 27 29 30 31 33 35 38 42 43 47 48 49 54 60 62 64 66 71 72 76 77 81 85 86 88 91 98 100 108 110 114 119 122 126 129 130 131 135 138 139 143 145 150
0 1 6 7 9 10 11 13 14 15 17 18 20 22 24 26 27 28 29 31 35 37 38 42 43 44 45 48 49 50 52 53 54 56 60 61 62 63 64 65 66 69 70 72 75 78 79 80 82 83 87 89 91 94 95 96 97 99 100 101 102 104 110 111 113 114 116 117 118 120 123 126 130 131 132 135 138 139 140 141 142 143 144 148 150
0 1 2 5 7 13 14 15 17 19 20 22 23 24 26 27 28 30 33 34 39 41 42 46 47 49 50 51 57 58 59 60 61 64 66 68 70 72 74 76 83 84 87 90 91 92 95 96 97 99 101 104 106 107 110 115 120 129 130 138 141 142 144 145 146 149
0 1 2 3 4 6 8 10 11 12 13 14 17 19 20 26 28 30 31 33 37 39 41 43 44 45 46 49 50 51 52 54 58 60 65 68 69 77 78 79 80 82 85 86 88 89 91 92 94 95 98 100 103 104 105 106 107 108 110 111 112 113 114 116 118 119 120 121 122 124 125 126 127 128 129 131 134 135 136 138 140 141 143 144 147 148 149 150
0 10 12 16 19 27 28 29 30 35 36 39 42 45 46 48 49 50 61 64 67 68 73 74 75 78 79 81 85 89 93 94 95 101 103 104 106 107 110 115 116 118 120 122 124 129 131 137 140 144 146
3 5 18 21 29 34 39 40 41 45 46 52 53 56 60 64 66 67 68 73 75 84 85 87 98 105 117 120 123 127 129 130 132 134 138 141 142 143
9 11 13 14 18 20 21 24 27 28 29 34 35 39 42 43 46 48 51 52 56 59 61 63 65 67 70 80 83 85 86 87 88 89 90 91 99 103 107 109 113 117 123 126 127 133 135 145 146 149 150
3 4 7 10 12 13 17 25 29 32 34 37 39 44 49 51 53 57 58 65 74 76 96 106 115 116 118 119 123 133 134 136 137 138 148
3 4 5 6 8 12 14 15 19 21 24 25 30 31 34 35 36 37 40 41 42 44 46 48 49 51 52 53 54 55 56 58 59 60 61 63 66 67 69 72 75 77 78 80 86 90 92 96 99 103 104 105 106 107 108 112 113 117 118 126 128 129 130 132 133 135 136 137 138 141 142 144 145 150
1 3 4 6 15 17 22 25 27 28 29 32 33 34 36 37 38 39 42 45 48 55 63 70 72 74 76 77 79 85 86 88 96 97 104 107 109 112 116 117 127 133 137 139 145
3 5 6 15 17 20 21 24 28 29 32 35 36 37 38 39 43 45 46 48 50 51 54 57 59 63 64 65 66 77 78 82 84 86 87 88 89 96 97 98 102 104 105 107 109 111 113 114 115 117 118 121 122 126 127 128 129 131 134 138 139 141 150
22 25 35 41 48 50 51 52 55 58 59 63 65 66 67 70 74 79 81 83 90 92 96 98 102 103 105 109 113 116 118 123 124 128 131 132 133 138 140 141 143 144 146 147 150
1 5 7 10 15 17 18 26 27 30 31 34 35 38 41 44 45 46 52 53 54 58 59 62 65 67 70 73 79 81 84 88 94 99 107 108 113 114 116 119 127 129 137 140 144 149
1 7 15 16 17 23 24 27 32 33 34 44 45 48 53 56 57 59 60 64 68 70 71 74 77 79 80 82 83 85 87 89 91 98 99 101 106 107 108 113 114 115 117 119 121 125 128 129 132 135 142 146 148 150
11 13 14 16 24 27 28 30 36 40 43 44 46 48 49 54 57 59 60 61 63 64 70 71 75 83 89 97 98 99 100 102 104 108 111 113 116 121 122 123 125 128 130 136 138 140 141 143 146
1 2 5 6 7 8 9 15 16 17 18 20 22 23 24 27 28 29 31 32 35 36 37 39 40 43 44 47 48 50 51 52 53 54 55 57 58 60 61 67 69 70 71 73 74 77 78 82 84 86 88 90 91 94 96 98 99 101 104 105 110 111 112 113 116 118 124 125 126 128 129 130 131 132 133 137 138 139 145 146 147 148 149 150
1 5 8 10 11 21 24 26 29 30 31 32 36 40 41 42 44 45 47 49 52 56 59 60 63 67 72 73 75 77 78 84 85 87 89 90 91 93 95 96 103 105 109 111 116 118 119 121 122 131 132 139 142 144 146 147 148
1 2 3 10 11 14 20 22 26 28 29 30 31 33 35 38 42 43 45 46 49 50 52 53 54 57 58 60 64 66 67 69 70 71 72 73 80 81 82 83 89 92 94 95 97 98 99 101 104 108 109 111 112 113 116 119 120 125 126 128 129 131 132 134 135 142 143 147 150
0 1 5 8 9 14 15 16 17 19 20 21 24 25 28 31 33 35 36 37 40 42 47 48 51 52 53 56 60 64 66 72 75 76 77 81 87 89 92 94 98 102 106 113 119 121 123 125 130 132 137 138 139 140 141 143 144 146 149 150
3 4 5 7 8 13 14 15 16 19 20 27 29 34 38 39 40 42 45 46 47 48 52 53 60 67 68 75 76 77 78 80 81 86 88 90 91 92 94 95 96 98 101 103 105 106 108 111 112 113 116 118 120 121 123 131 132 133 134 135 136 138 139 143 144 145 147 148 149 150
0 1 4 6 7 8 11 12 13 14 15 16 17 18 19 20 23 26 30 32 33 35 36 38 42 43 48 49 50 51 52 55 56 57 58 61 64 68 71 74 76 78 79 83 84 85 88 89 90 97 98 100 102 104 105 106 107 109 113 115 116 118 121 122 123 124 125 127 133 138 141 145 146 147 148 150
3 4 5 9 10 15 17 18 26 27 35 36 38 43 44 46 49 50 52 55 61 65 67 71 73 75 77 83 88 89 90 97 99 103 107 111 112 115 122 124 126 128 132 136 143 146 149
0 3 4 5 7 9 10 11 14 15 18 19 20 23 24 25 27 29 34 35 36 42 43 48 52 54 56 57 58 60 63 65 70 73 75 81 82 83 85 87 89 98 99 105 112 113 114 116 117 120 123 124 128 129 130 131 134 135 137 139 141 143 144 146 148 149
1 3 4 5 10 11 15 16 17 18 19 21 22 26 27 28 31 32 33 38 39 40 41 42 43 44 45 49 50 52 54 55 56 57 61 62 63 64 66 67 68 69 70 71 72 73 75 77 78 81 82 83 84 85 88 89 91 93 94 95 97 102 103 107 109 111 114 115 117 118 119 120 121 124 125 126 127 128 129 130 131 135 140 141 142 143 144 145 146 147
0 7 16 17 19 21 23 27 36 38 39 43 46 47 48 54 56 57 58 64 65 75 80 81 83 88 92 93 94 96 101 102 103 107 112 117 118 120 125 135 137 142 147 148 150
0 11 12 13 14 18 19 22 34 35 36 40 41 46 48 50 52 53 72 80 81 82 85 87 88 104 105 107 108 114 123 124 132 136 137 140 141 142 143 144 146 147 149
0 1 3 4 7 8 10 11 12 13 15 16 17 18 21 23 26 28 30 31 32 35 40 41 45 46 47 49 50 54 55 58 59 65 66 67 69 70 71 72 74 75 76 77 78 79 80 82 83 84 87 90 93 98 99 102 103 104 106 107 108 112 115 118 119 120 122 123 125 126 128 129 131 132 134 135 136 137 139 140 141 144 148 149 150
1 4 5 6 10 13 15 17 18 19 22 25 28 29 31 32 34 36 40 42 44 45 46 49 50 51 52 53 54 60 62 63 64 65 66 68 69 70 72 77 81 85 86 89 91 92 95 97 101 104 107 109 111 113 114 116 117 118 119 120 121 123 126 128 129 132 133 137 139 140 141 143 145 146 147 149 150
0 1 3 4 5 6 7 9 10 11 12 13 14 16 17 18 20 21 22 26 27 28 32 34 37 39 40 43 45 46 47 48 49 54 56 58 61 62 64 66 68 69 72 73 74 78 83 84 85 86 87 88 89 90 91 93 94 95 96 97 100 102 103 107 108 111 115 117 118 119 121 124 125 126 127 129 135 136 140 142 144 145 146 147 150
0 1 3 4 5 6 9 18 24 25 26 32 35 37 41 43 46 48 50 52 54 58 59 60 63 65 68 70 74 75 76 79 83 84 85 88 94 95 96 97 98 99 102 107 108 116 118 119 124 126 129 130 131 132 135 138 140 141 142 144 145 147
0 2 3 4 5 6 8 9 11 12 14 15 16 17 19 21 24 25 27 28 29 30 32 34 36 37 39 40 43 45 46 50 51 53 54 56 57 58 60 65 66 69 70 74 75 76 77 78 82 83 85 86 87 88 90 91 92 97 98 99 100 101 103 104 106 108 109 110 112 115 119 120 121 122 123 124 126 127 128 129 130 131 132 133 134 135 136 137 141 142 143 144 146 147 149 150
1 2 6 9 13 14 15 16 17 18 20 22 23 25 26 30 31 35 37 38 42 43 45 47 48 52 54 62 67 68 69 70 72 73 75 76 77 81 82 84 86 87 90 91 92 93 96 98 99 100 101 102 104 106 112 113 115 116 117 118 119 121 122 123 124 126 127 130 131 133 134 135 138 140 141 143 144 145 146 147 148 149 150
1 2 3 4 6 8 11 20 21 23 24 25 26 30 31 32 34 36 42 43 44 47 49 50 51 53 57 58 59 63 65 66 69 71 72 73 75 80 84 85 88 89 92 94 98 99 100 101 103 104 105 106 108 111 112 113 114 119 120 121 122 124 126 127 131 134 137 138 139 140 141 142 143 144 145 148 149 150
0 3 15 16 17 20 23 25 31 36 37 47 50 51 53 54 62 67 70 75 79 81 82 87 90 91 93 94 95 97 105 116 118 128 131 135 141 142 147
0 1 2 3 5 7 8 11 13 15 16 17 18 19 21 26 27 28 29 30 31 36 38 40 41 42 45 46 49 53 55 57 58 59 60 63 65 67 71 76 77 78 79 80 81 85 90 92 94 95 96 98 104 105 106 107 111 119 121 122 127 129 130 133 134 136 137 145 146 149
1 5 7 8 9 12 15 16 17 18 20 24 28 29 30 32 37 39 40 43 44 46 47 50 53 56 58 59 60 61 63 66 67 68 70 71 73 75 77 79 85 88 89 91 93 99 101 107 108 110 111 112 115 119 120 121 127 128 130 134 137 138 139 140 141 146 150
1 7 9 11 12 13 14 29 32 35 38 42 46 47 51 52 56 58 61 62 63 70 71 73 76 79 83 85 86 87 90 92 93 98 107 108 111 112 114 116 118 120 121 123 125 126 127 128 131 133 137 139 145 146 148 149
1 2 3 6 7 9 12 15 19 22 24 32 39 40 42 44 47 48 49 50 54 65 72 75 76 79 89 92 95 96 99 100 102 110 112 116 118 119 120 122 123 127 128 129 131 137 138 140 141 145
3 14 19 23 41 42 43 46 47 48 52 56 59 66 67 69 72 74 90 92 93 95 102 107 114 119 120 125 127 134 135 137 149
0 1 5 7 9 10 11 15 19 22 24 26 27 28 30 33 34 38 40 41 43 44 46 48 49 55 59 60 61 62 65 66 69 73 75 77 78 80 84 87 88 89 90 92 94 98 100 101 102 103 106 108 111 112 113 115 116 118 119 121 122 123 124 126 128 130 132 133 135 136 138 139 141 142 143 145 148 149
1 3 5 16 19 22 23 25 30 31 33 35 39 40 41 43 45 47 48 52 55 57 58 59 60 61 63 64 66 69 72 79 81 87 91 95 96 97 98 105 107 110 112 115 118 121 122 124 125 128 133 134 135 137 142 150
0 4 6 8 9 17 18 22 23 30 31 32 37 38 40 41 43 45 46 53 56 60 61 63 64 66 67 70 79 80 84 85 94 98 102 105 107 118 122 124 127 129 133 136 145 147
0 2 9 10 17 24 25 26 28 29 30 32 34 35 37 42 50 54 61 62 63 80 81 83 85 88 89 90 91 100 105 107 109 111 112 117 119 120 121 122 133 135 137 138 141 143 145 149
2 4 7 10 12 14 15 16 18 20 23 26 29 30 32 40 41 47 53 55 60 61 63 65 67 68 71 72 73 75 76 77 82 86 87 88 90 92 93 94 96 100 101 103 104 105 106 111 112 115 116 117 121 122 126 128 129 132 135 136 141 143 144 150
0 6 7 11 12 13 15 25 29 31 34 35 36 40 42 43 52 54 65 79 86 93 96 101 106 111 113 115 118 121 122 130 132 133 134 138 142 144 148
2 10 12 14 16 20 21 22 24 28 30 31 32 35 37 38 41 42 45 48 50 54 56 58 59 61 62 63 66 68 72 73 75 78 80 81 82 87 88 96 97 100 106 107 109 112 113 114 115 116 119 121 123 124 128 129 130 131 137 140 141 142 145 148 150
0 3 4 6 7 9 10 11 18 19 20 26 27 30 32 34 37 38 40 41 43 44 45 46 51 56 61 62 63 65 66 67 68 71 72 74 76 77 82 83 84 87 92 93 94 96 98 102 104 105 106 107 121 123 125 132 133 138 139 140 142 144 145 147 148 150
0 5 7 8 14 15 17 19 24 26 29 30 31 35 36 38 39 40 45 48 50 59 61 66 76 77 83 84 94 95 98 100 106 111 117 119 120 121 122 123 124 126 129 130 133 134 144 145 149 150
1 3 7 8 11 12 15 18 22 23 27 31 32 33 34 35 36 38 44 46 49 51 56 61 62 65 67 68 69 71 72 73 74 75 76 77 78 85 87 88 91 94 96 98 100 102 104 105 106 108 109 112 115 117 121 122 124 125 126 127 129 137 138 139 141 144 146 147 148 149
0 3 5 6 23 25 26 30 33 34 38 39 40 46 53 55 56 65 70 74 75 79 83 84 91 93 96 100 102 104 113 123 128 133 135 136 137 140 141 142 144 146 147
0 3 5 14 15 17 18 24 26 30 32 33 34 37 39 41 44 47 48 51 53 57 68 70 73 74 75 78 79 80 89 91 92 95 97 102 106 111 113 114 116 118 121 126 129 130 134 135 138 141 142 143 145 150
0 4 7 8 9 16 19 20 22 26 27 28 29 31 34 35 38 39 44 45 47 48 51 52 55 60 61 62 64 65 66 69 71 72 73 74 75 78 79 80 85 86 87 90 96 97 98 99 101 106 109 112 113 114 116 118 123 125 128 129 130 131 134 136 140 143 144 147 148 149 150
7 11 22 23 24 26 28 29 30 33 36 39 42 48 50 53 54 55 60 65 66 69 70 77 83 84 86 88 91 94 95 97 99 101 117 121 125 135 142 145 147 150
3 4 7 8 9 11 14 16 17 18 22 23 24 26 27 29 31 32 33 34 35 36 38 40 41 42 43 48 49 50 55 56 58 60 62 63 64 65 68 73 74 76 78 79 80 81 83 85 86 88 90 93 95 96 101 102 105 109 110 111 112 114 116 118 121 123 124 126 129 130 131 133 138 140 141 142 143 146 147 148 149 150
2 3 4 5 7 8 10 11 12 14 16 17 19 25 26 27 28 29 31 32 33 34 35 37 38 39 40 41 43 44 46 47 48 50 51 55 58 60 62 70 72 73 75 77 78 79 80 81 82 83 84 85 86 87 88 91 92 93 94 96 97 99 100 103 104 106 107 111 112 117 122 123 124 126 127 132 133 137 139 142 145 146 147 148 149
1 3 4 5 6 7 9 12 13 14 15 23 24 30 31 32 34 35 36 37 40 41 42 44 50 51 54 56 57 59 60 62 64 65 66 69 70 72 74 75 77 79 80 84 85 90 91 92 93 94 97 99 101 102 103 104 107 109 111 112 113 115 118 119 121 124 127 129 132 133 141 143 146 148 150
1 5 9 12 14 15 16 17 21 27 33 36 38 40 42 47 48 49 52 56 57 60 64 67 70 73 75 79 80 82 83 85 87 88 92 96 97 100 101 103 105 108 109 112 116 117 118 120 124 125 128 130 132 135 136 139 140 141 142 146 147 149 150
1 8 10 13 16 21 22 23 24 25 26 33 35 36 38 39 42 43 49 56 57 58 63 66 68 71 72 74 82 84 91 92 94 96 97 98 103 105 106 107 110 112 115 116 117 120 123 127 128 130 135 136 138 140 147 148 149 150
0 1 3 4 5 6 7 8 9 11 13 15 18 19 23 25 26 27 32 34 35 36 38 39 40 41 42 44 45 50 51 53 54 56 57 61 63 64 68 69 70 71 75 76 77 78 79 80 81 85 86 89 91 92 93 95 96 97 98 99 100 101 102 103 104 105 106 109 110 111 113 114 116 118 119 120 121 122 123 124 126 127 128 130 131 132 133 134 135 136 138 140 141 142 143 144 145 146 148 150
0 1 3 4 5 6 8 10 11 12 14 16 20 22 23 24 25 26 29 31 34 37 38 39 40 41 43 46 47 48 49 51 53 54 55 56 58 59 66 67 68 71 73 74 76 79 80 81 82 83 86 88 90 92 93 94 95 96 97 98 99 100 101 102 103 104 105 106 107 112 113 115 116 117 118 120 121 122 123 124 125 130 131 133 134 136 137 138 140 141 143 144 146 147 149 150
0 1 2 3 4 6 7 8 9 10 12 13 14 15 16 17 19 20 21 23 24 26 27 29 30 31 33 34 35 36 38 39 40 43 45 47 49 53 57 60 61 62 63 65 68 69 73 74 75 76 78 80 81 82 83 85 88 89 90 91 93 96 99 101 102 104 108 109 110 114 117 118 119 121 122 123 125 126 127 129 131 132 135 137 140 141 143 144 146
0 2 4 5 7 14 16 19 22 24 27 29 31 32 40 42 44 48 51 52 53 54 57 59 71 75 84 91 96 100 101 103 104 107 109 110 112 121 123 133 136 146 147 150
0 2 10 11 16 25 28 30 31 33 34 35 40 43 45 46 47 62 74 75 86 91 94 108 109 110 113 140 142 144 145
0 1 4 6 7 8 11 12 15 16 19 22 24 25 26 27 28 29 31 33 34 37 39 40 41 42 46 47 53 55 56 59 61 63 66 68 70 71 75 76 77 78 80 82 85 89 90 91 92 94 101 104 105 108 109 112 114 115 116 122 123 126 128 129 132 136 137 139 143 144 147 148 149 150
0 4 8 9 10 11 12 13 14 15 16 17 19 20 21 22 24 25 26 28 30 31 33 36 40 42 43 44 45 48 49 50 51 54 55 57 59 60 62 63 64 65 67 69 70 71 72 73 74 76 77 78 82 83 84 85 86 88 89 90 91 93 100 101 103 104 105 107 108 110 111 112 114 115 117 118 120 121 122 125 126 132 133 134 135 136 140 141 142 143 148 150
1 5 9 10 11 12 14 15 16 17 18 19 21 24 26 30 31 33 34 37 40 42 45 51 52 54 58 59 62 63 66 70 71 73 75 76 78 79 81 84 85 86 93 94 103 106 114 115 119 120 123 124 125 127 128 136 137 138 140 141 144 147 150
4 5 6 9 10 12 13 14 15 17 19 22 25 26 28 30 33 39 43 54 55 58 61 67 68 74 77 79 82 83 84 98 101 102 108 111 114 115 116 117 124 126 127 130 136 138 139 141 143 147 150
1 3 6 7 10 11 13 28 36 37 40 41 42 44 47 48 53 59 60 71 72 88 90 98 99 102 110 111 112 113 118 125 127 128 130 131 132 134 138 150
4 7 11 12 13 18 19 21 22 24 30 31 32 38 39 40 41 43 45 46 49 54 55 56 57 59 63 67 71 72 73 74 75 76 78 79 83 91 92 97 99 100 101 107 109 110 111 114 115 116 117 118 120 121 124 125 126 129 130 131 132 138 140 141 144 146 147 148 150
1 2 5 8 9 10 11 12 16 20 23 25 27 30 31 38 40 41 46 59 60 63 64 66 67 68 71 72 73 75 76 77 78 79 83 85 89 92 93 95 96 99 102 109 112 117 124 127 128 130 131 133 136 138 139 140 149
1 8 10 11 12 15 20 22 23 25 27 28 30 32 35 36 37 38 40 42 44 45 48 51 53 54 56 57 60 61 63 64 66 67 71 73 74 77 78 80 82 83 84 85 88 91 94 95 98 99 100 102 103 104 105 107 108 111 113 116 117 120 121 123 129 130 131 133 134 136 138 139 140 141 142 145 147
2 4 6 7 8 9 12 13 23 25 30 31 32 33 35 37 43 46 47 49 55 56 58 60 65 71 78 79 81 83 88 92 93 94 97 103 106 109 110 112 119 123 126 130 132 139 141 145 146 147 148
1 2 4 7 15 18 19 27 34 42 44 50 56 59 60 65 67 68 74 80 81 91 92 95 100 101 105 107 109 111 115 119 126 130 131 133 134 135 136 139 141 144 150
3 4 6 9 12 15 17 18 19 22 23 24 26 28 30 34 35 38 39 40 42 43 45 46 47 48 51 52 56 59 65 66 67 69 72 74 75 77 79 80 82 87 88 92 94 95 96 97 98 99 100 101 102 103 107 109 110 114 115 116 120 124 126 127 128 133 136 141 142 143 144 145 147 149
2 4 6 7 9 12 17 21 24 27 28 30 32 47 48 51 53 54 57 59 60 62 66 67 69 81 85 89 91 94 95 100 107 108 109 111 112 114 129 130 131 148
0 2 3 4 8 9 10 11 12 13 14 16 17 20 21 29 35 43 46 48 49 56 58 60 62 63 64 77 79 89 95 99 101 111 112 113 114 116 118 120 122 123 126 128 135 137 138 139 141 143
1 6 9 13 18 23 24 25 30 31 33 36 47 55 57 60 61 62 63 66 68 77 81 82 88 90 94 95 96 101 103 104 105 109 111 112 113 116 121 122 124 134 136 144 146 149
0 2 6 10 13 14 15 18 19 22 26 27 30 33 34 36 38 39 40 41 42 44 45 50 51 54 57 58 59 60 64 66 68 69 70 71 72 75 79 80 81 83 87 88 92 93 94 95 96 97 99 100 103 104 105 106 108 109 110 111 113 114 115 116 117 123 129 130 134 136 140 144 145 148 150
0 3 8 10 12 14 15 16 21 22 23 24 25 27 28 29 31 32 36 37 38 39 42 43 44 46 47 48 49 51 54 56 57 58 59 61 63 64 65 67 68 71 73 75 77 78 79 80 83 84 86 88 89 90 91 94 95 98 99 100 102 103 104 105 106 108 110 111 113 114 115 116 119 120 121 123 124 131 132 134 135 136 137 138 139 143 145 147
3 4 9 17 18 24 32 33 38 46 52 53 55 56 60 61 64 65 66 74 75 79 84 86 87 88 95 96 97 98 100 103 108 109 112 113 115 119 124 125 130 134 136 145 146 149 150
0 1 2 4 5 6 7 9 10 12 14 15 22 23 24 27 28 29 31 32 35 37 38 39 42 43 46 48 49 51 52 53 55 56 58 60 61 64 65 69 70 72 76 77 78 79 81 83 86 88 89 90 92 95 96 99 101 102 103 105 107 108 109 113 115 118 119 121 122 123 127 128 129 131 133 134 135 136 138 140 141 146 147 148 149 150
0 1 4 5 6 7 9 10 14 15 16 17 18 19 20 25 26 27 28 29 31 32 38 42 43 46 47 49 52 55 56 57 59 60 62 66 67 68 69 71 72 73 74 75 76 77 78 79 80 82 83 84 85 86 87 88 90 91 92 95 96 97 98 102 105 106 107 108 109 110 112 113 115 117 120 121 123 125 128 130 131 132 133 134 135 136 137 140 141 142 144 145 146 150
3 5 8 10 16 21 22 23 27 33 38 40 44 47 51 58 60 62 69 73 74 77 78 84 87 92 94 99 101 107 109 111 118 127 129 130 132 135 136 137 140 143 148 149
0 2 5 6 8 9 11 12 14 16 21 25 28 31 32 36 40 41 43 50 51 54 57 58 60 68 72 73 79 82 83 84 85 94 98 100 101 102 104 106 108 109 110 111 116 117 119 122 124 126 129 130 131 132 133 134 136 137 139 140 141 143 144 148
2 3 4 8 12 16 17 19 21 22 23 24 25 26 28 29 30 32 35 37 40 41 42 43 46 49 51 52 54 56 57 58 59 61 64 66 67 70 72 73 74 76 78 79 80 82 83 85 86 88 91 93 94 96 98 102 103 106 107 109 110 111 114 115 117 118 120 122 123 125 126 127 133 135 136 139 140 141 142 144 147 149 150
4 7 8 13 20 21 27 30 32 34 35 41 51 54 55 57 61 63 68 70 80 89 90 92 94 98 102 108 110 111 118 123 137 138 139 140 143 146
6 11 17 19 24 26 29 31 38 45 47 48 51 53 56 57 66 67 71 72 73 79 85 86 87 94 96 110 116 117 119 121 123 124 125 132 137 143 144 147 149
6 12 14 15 19 25 27 29 31 32 33 35 39 41 50 54 57 59 62 64 68 73 74 76 86 88 91 92 93 98 100 104 106 110 113 120 123 126 127 128 133 140 141 142 144 146 148 149
0 4 5 6 7 9 15 16 21 23 24 29 31 34 36 37 39 41 43 45 46 47 51 53 54 57 59 60 65 66 67 69 70 72 75 78 79 82 85 86 88 89 90 91 92 93 94 96 97 101 105 110 111 112 114 117 118 121 124 126 127 128 129 130 133 134 136 137 138 140 144 147 148 149
1 2 6 9 10 14 15 17 18 19 20 21 23 25 28 29 30 31 32 35 37 38 39 40 41 42 43 44 45 48 49 51 53 54 55 56 57 59 61 63 65 67 70 71 72 73 74 76 77 78 79 81 83 85 89 92 93 94 95 97 103 107 108 109 110 111 112 117 118 119 120 122 124 128 130 132 134 135 136 140 142 143 145 147 149 150
2 4 8 10 11 12 14 15 17 20 21 24 25 28 31 35 36 37 41 49 50 51 55 56 58 59 64 67 69 70 71 72 74 79 81 82 83 88 90 92 95 96 101 103 104 116 124 129 131 132 133 136 137 142 143 148 149 150
1 16 18 19 21 23 24 26 30 34 35 36 39 43 45 46 47 48 51 57 58 62 63 64 65 68 69 71 73 75 76 78 79 80 83 85 88 91 93 95 96 98 99 103 105 112 118 119 122 123 129 133 134 136 137 141 144 145 147 150
1 3 4 5 6 7 8 10 11 13 17 18 19 21 23 26 27 28 30 31 33 34 36 46 47 49 51 52 53 55 56 57 58 59 60 61 62 63 65 66 68 69 71 74 75 78 79 80 82 83 84 86 87 88 90 91 94 95 97 101 106 107 110 111 114 115 116 117 118 120 121 122 124 126 128 129 131 132 134 135 136 139 143 145 146 147 148
3 4 5 8 10 12 14 15 18 19 21 22 23 25 27 28 30 31 32 33 34 37 38 39 42 45 46 50 51 55 57 64 65 67 69 70 72 74 83 84 86 87 92 100 102 103 104 107 111 112 113 116 117 124 126 127 128 129 131 132 134 137 141 144 145 146 150
0 2 5 7 9 22 24 29 30 34 36 39 43 46 47 61 62 63 68 69 73 76 78 80 81 83 86 88 89 92 98 99 100 101 102 103 105 111 113 114 115 118 119 125 130 131 133 137 138 140 144 149 150
0 3 11 14 15 18 20 21 23 38 40 43 45 47 48 51 56 58 59 61 66 70 72 74 75 88 91 94 95 96 103 106 107 109 110 111 114 115 118 119 123 128 133 135 143 145
4 14 19 27 31 37 41 47 50 55 57 58 62 64 66 67 73 77 98 100 102 107 118 122 125 126 136 144 146 148
0 1 3 5 8 9 10 13 14 15 17 18 19 20 23 24 25 27 28 30 33 35 39 40 43 45 46 48 49 50 51 55 56 59 60 63 64 66 68 69 70 71 73 74 75 76 77 79 81 82 83 85 86 88 91 99 101 102 103 104 106 109 112 113 117 119 122 124 125 127 128 130 132 134 137 138 139 140 142 143 144 145 147 148 149
1 2 9 10 12 15 18 20 22 40 47 49 54 60 63 68 69 71 72 74 77 78 81 85 87 88 90 91 92 94 97 98 99 104 109 110 123 126 128 133 135 136 144 147 150
0 2 3 4 5 6 8 9 16 24 27 30 32 34 37 40 42 43 47 49 51 52 53 54 55 56 57 59 60 61 64 65 66 67 71 72 73 74 76 77 80 81 88 91 92 95 99 101 104 105 106 108 110 112 113 117 118 119 121 122 123 128 130 132 133 138 140 141 142 144 145 146 147 148 149
0 6 14 15 21 22 24 25 28 29 31 35 36 37 38 46 48 51 55 56 57 59 64 65 66 70 71 72 77 78 79 82 83 85 86 88 89 90 92 93 100 101 105 107 108 109 110 111 116 120 121 123 124 129 130 135 138 139 140 144 146 147 148 149 150
0 2 6 7 16 19 29 30 34 40 43 60 61 63 66 71 74 79 84 93 96 97 106 113 117 119 121 127 130 149 150
4 6 9 10 14 21 24 32 34 39 41 42 47 48 49 59 64 65 68 70 72 74 77 78 80 90 92 95 96 98 102 111 112 121 126 129 137 138 142 149
2 3 7 12 14 20 26 30 31 35 41 45 48 54 55 57 58 61 63 64 67 73 74 80 81 82 91 99 103 106 108 109 117 120 121 128 132 136 139
5 8 10 14 15 17 20 24 26 27 31 33 34 35 37 40 41 43 44 46 56 57 65 71 73 75 77 81 84 86 89 93 94 96 100 101 103 104 105 110 113 114 120 124 126 127 128 130 133 139 144 146 147 149
2 3 4 6 9 10 11 17 18 20 28 29 30 31 34 35 38 40 41 42 46 47 48 49 51 52 54 55 57 62 65 68 69 70 71 74 75 76 77 78 79 81 83 84 85 87 93 96 99 102 103 105 106 108 109 110 111 112 113 114 115 117 119 120 122 123 124 125 128 130 131 132 135 137 138 139 142 144 145 148 149 150
0 2 4 6 7 8 10 13 14 17 18 20 21 23 26 29 31 33 37 38 39 40 41 45 48 49 50 51 56 57 58 62 66 67 69 71 73 74 76 78 79 85 86 92 93 94 95 98 104 105 107 109 116 120 123 125 127 129 130 131 132 134 136 137 142 143 145 146 147 149
0 4 5 8 9 18 24 28 32 35 37 39 41 42 45 47 52 55 58 61 65 67 69 70 71 72 85 94 96 101 106 110 112 115 119 120 124 126 129 136 137 143 145 149
16 25 28 31 51 55 57 64 68 72 80 82 84 85 86 87 89 92 93 97 100 101 116 118 123 126 127 142 145 148 149
6 9 10 11 12 13 14 16 17 21 24 28 32 33 34 35 36 41 44 48 49 51 53 54 57 58 60 62 65 67 70 73 77 79 80 81 82 85 86 87 89 94 95 97 99 105 111 112 113 114 115 117 118 119 122 125 128 129 130 131 134 136 138 141 142 143 144 145
1 6 7 10 15 20 23 27 29 30 31 32 34 35 37 39 41 43 46 52 54 57 59 60 63 64 70 73 74 77 78 82 85 86 88 89 92 95 98 106 107 111 113 115 119 123 127 132 143 146 148 150
0 1 5 6 8 10 12 13 14 16 17 19 20 22 23 26 27 29 30 33 34 36 41 42 43 45 46 48 49 54 58 59 60 62 63 64 65 66 67 68 71 74 75 77 78 79 80 81 84 88 89 90 91 93 95 96 97 99 100 101 104 106 108 111 112 114 115 116 118 119 121 122 123 128 129 131 133 134 135 136 137 139 140 141 142 144 145 146 147 148 149 150
0 2 4 7 8 9 10 11 12 17 18 19 20 21 23 24 26 27 28 29 30 31 32 33 34 36 37 38 39 40 42 43 44 45 49 50 51 54 55 57 58 60 61 62 64 66 68 75 77 81 82 84 85 86 87 88 90 93 96 97 99 100 101 103 105 108 109 111 112 113 114 115 116 117 118 122 123 124 126 131 132 134 136 137 139 141 144 147 149 150
6 9 11 13 20 24 31 34 37 38 41 47 48 51 52 62 75 81 86 87 92 95 96 97 103 104 113 116 120 128 129 135 137 138 144
2 5 7 8 11 12 13 15 16 17 18 19 20 23 24 27 30 32 33 34 35 37 39 41 44 47 49 50 51 53 57 58 59 61 62 64 65 66 69 71 77 80 82 84 91 98 99 103 105 107 108 112 115 117 118 120 122 125 127 129 134 135 136 137 138 139 141 144 145 146 150
2 3 4 5 8 9 10 13 14 15 18 19 20 24 25 26 27 28 29 31 32 33 35 36 37 38 42 43 45 47 48 50 51 54 58 59 62 63 64 65 66 67 69 72 73 74 75 76 79 80 81 84 86 88 90 93 97 98 99 100 101 103 105 107 108 110 113 115 116 118 120 121 126 127 128 133 134 135 139 141 142 143 144 145 147 149
0 1 2 3 4 6 8 9 10 14 16 19 20 21 22 24 25 29 33 35 42 45 47 53 54 55 58 60 61 62 63 68 69 71 72 74 75 77 80 85 86 87 89 91 94 96 98 99 102 104 105 106 110 111 112 114 119 120 123 130 131 134 135 136 141 142 143 145
0 3 4 8 10 15 18 19 24 29 39 40 43 47 48 57 60 69 72 75 76 79 80 82 87 90 91 92 93 98 101 103 109 113 116 117 119 121 123 125 126 128 132 133 134 137 138 140 144 148
0 2 3 5 7 8 9 12 15 16 17 18 19 20 21 22 24 25 26 27 29 32 33 35 40 41 42 43 44 46 48 49 52 53 55 56 57 58 61 62 65 66 67 72 73 76 79 80 81 83 84 86 87 88 90 91 92 94 95 96 99 102 105 106 107 108 110 112 113 114 115 116 117 120 122 125 126 127 128 129 130 131 132 134 135 136 137 138 139 140 142 144 145 146 147 149
0 3 5 6 8 9 10 11 16 17 18 19 22 23 24 25 28 29 30 32 34 36 37 41 45 47 48 49 51 52 55 58 59 61 63 64 65 66 68 69 70 73 75 77 83 84 85 88 89 90 92 93 95 98 99 105 107 108 109 110 113 119 121 124 125 127 132 134 136 137 140 145 147
1 2 5 7 8 9 11 16 18 25 26 28 31 34 35 36 38 39 44 50 51 52 55 59 60 63 67 68 70 75 77 80 87 88 93 95 100 105 106 107 110 112 116 119 123 125 126 130 132 137 139 144 145 147 150
